service_id,date,exception_type
117929,20240418,2
117929,20240101,2
117929,20240216,2
117929,20240311,2
117929,20240501,2
117929,20240624,2
117929,20240706,2
117929,20240815,2
117929,20231101,2
117929,20231102,2
117929,20231224,2
117929,20231225,2
117929,20231226,2
117930,20240418,2
117930,20240101,2
117930,20240216,2
117930,20240311,2
117930,20240501,2
117930,20240624,2
117930,20240706,2
117930,20240815,2
117930,20231101,2
117930,20231102,2
117930,20231224,2
117930,20231225,2
117930,20231226,2
117901,20240418,2
117901,20240101,2
117901,20240216,2
117901,20240311,2
117901,20240501,2
117901,20240624,2
117901,20240706,2
117901,20240815,2
117901,20231101,2
117901,20231102,2
117901,20231224,2
117901,20231225,2
117901,20231226,2
117902,20240418,2
117902,20240101,2
117902,20240216,2
117902,20240311,2
117902,20240501,2
117902,20240624,2
117902,20240706,2
117902,20240815,2
117902,20231101,2
117902,20231102,2
117902,20231224,2
117902,20231225,2
117902,20231226,2
117903,20240418,1
117903,20240101,1
117903,20240216,1
117903,20240311,1
117903,20240501,1
117903,20240624,1
117903,20240706,1
117903,20240815,1
117903,20231101,1
117903,20231102,1
117903,20231224,1
117903,20231225,1
117903,20231226,1
117904,20240418,2
117904,20240101,2
117904,20240216,2
117904,20240311,2
117904,20240501,2
117904,20240624,2
117904,20240706,2
117904,20240815,2
117904,20231101,2
117904,20231102,2
117904,20231224,2
117904,20231225,2
117904,20231226,2
117905,20240418,2
117905,20240101,2
117905,20240216,2
117905,20240311,2
117905,20240501,2
117905,20240624,2
117905,20240706,2
117905,20240815,2
117905,20231101,2
117905,20231102,2
117905,20231224,2
117905,20231225,2
117905,20231226,2
117906,20240418,1
117906,20240101,1
117906,20240216,1
117906,20240311,1
117906,20240501,1
117906,20240624,1
117906,20240706,1
117906,20240815,1
117906,20231101,1
117906,20231102,1
117906,20231224,1
117906,20231225,1
117906,20231226,1
118645,20240418,2
118645,20240101,2
118645,20240216,2
118645,20240311,2
118645,20240501,2
118645,20240624,2
118645,20240706,2
118645,20240815,2
118645,20231101,2
118645,20231102,2
118645,20231224,2
118645,20231225,2
118645,20231226,2
118646,20240418,2
118646,20240101,2
118646,20240216,2
118646,20240311,2
118646,20240501,2
118646,20240624,2
118646,20240706,2
118646,20240815,2
118646,20231101,2
118646,20231102,2
118646,20231224,2
118646,20231225,2
118646,20231226,2
111709,20240418,2
111709,20240101,2
111709,20240216,2
111709,20240311,2
111709,20240501,2
111709,20240624,2
111709,20240706,2
111709,20240815,2
111709,20231101,2
111709,20231102,2
111709,20231224,2
111709,20231225,2
111709,20231226,2
111710,20240418,1
111710,20240101,1
111710,20240216,1
111710,20240311,1
111710,20240501,1
111710,20240624,1
111710,20240706,1
111710,20240815,1
111710,20231101,1
111710,20231102,1
111710,20231224,1
111710,20231225,1
111710,20231226,1
117916,20240418,2
117916,20240101,2
117916,20240216,2
117916,20240311,2
117916,20240501,2
117916,20240624,2
117916,20240706,2
117916,20240815,2
117916,20231101,2
117916,20231102,2
117916,20231224,2
117916,20231225,2
117916,20231226,2
118634,20240418,2
118634,20240101,2
118634,20240216,2
118634,20240311,2
118634,20240501,2
118634,20240624,2
118634,20240706,2
118634,20240815,2
118634,20231101,2
118634,20231102,2
118634,20231224,2
118634,20231225,2
118634,20231226,2
117283,20240418,2
117283,20240101,2
117283,20240216,2
117283,20240311,2
117283,20240501,2
117283,20240624,2
117283,20240706,2
117283,20240815,2
117283,20231101,2
117283,20231102,2
117283,20231224,2
117283,20231225,2
117283,20231226,2
117286,20240418,1
117286,20240101,1
117286,20240216,1
117286,20240311,1
117286,20240501,1
117286,20240624,1
117286,20240706,1
117286,20240815,1
117286,20231101,1
117286,20231102,1
117286,20231224,1
117286,20231225,1
117286,20231226,1
117273,20240418,2
117273,20240101,2
117273,20240216,2
117273,20240311,2
117273,20240501,2
117273,20240624,2
117273,20240706,2
117273,20240815,2
117273,20231101,2
117273,20231102,2
117273,20231224,2
117273,20231225,2
117273,20231226,2
117277,20240418,2
117277,20240101,2
117277,20240216,2
117277,20240311,2
117277,20240501,2
117277,20240624,2
117277,20240706,2
117277,20240815,2
117277,20231101,2
117277,20231102,2
117277,20231224,2
117277,20231225,2
117277,20231226,2
117279,20240418,1
117279,20240101,1
117279,20240216,1
117279,20240311,1
117279,20240501,1
117279,20240624,1
117279,20240706,1
117279,20240815,1
117279,20231101,1
117279,20231102,1
117279,20231224,1
117279,20231225,1
117279,20231226,1
117266,20240418,2
117266,20240101,2
117266,20240216,2
117266,20240311,2
117266,20240501,2
117266,20240624,2
117266,20240706,2
117266,20240815,2
117266,20231101,2
117266,20231102,2
117266,20231224,2
117266,20231225,2
117266,20231226,2
117269,20240418,2
117269,20240101,2
117269,20240216,2
117269,20240311,2
117269,20240501,2
117269,20240624,2
117269,20240706,2
117269,20240815,2
117269,20231101,2
117269,20231102,2
117269,20231224,2
117269,20231225,2
117269,20231226,2
117271,20240418,1
117271,20240101,1
117271,20240216,1
117271,20240311,1
117271,20240501,1
117271,20240624,1
117271,20240706,1
117271,20240815,1
117271,20231101,1
117271,20231102,1
117271,20231224,1
117271,20231225,1
117271,20231226,1
117281,20240418,2
117281,20240101,2
117281,20240216,2
117281,20240311,2
117281,20240501,2
117281,20240624,2
117281,20240706,2
117281,20240815,2
117281,20231101,2
117281,20231102,2
117281,20231224,2
117281,20231225,2
117281,20231226,2
117284,20240418,2
117284,20240101,2
117284,20240216,2
117284,20240311,2
117284,20240501,2
117284,20240624,2
117284,20240706,2
117284,20240815,2
117284,20231101,2
117284,20231102,2
117284,20231224,2
117284,20231225,2
117284,20231226,2
117287,20240418,1
117287,20240101,1
117287,20240216,1
117287,20240311,1
117287,20240501,1
117287,20240624,1
117287,20240706,1
117287,20240815,1
117287,20231101,1
117287,20231102,1
117287,20231224,1
117287,20231225,1
117287,20231226,1
117244,20240418,2
117244,20240101,2
117244,20240216,2
117244,20240311,2
117244,20240501,2
117244,20240624,2
117244,20240706,2
117244,20240815,2
117244,20231101,2
117244,20231102,2
117244,20231224,2
117244,20231225,2
117244,20231226,2
117257,20240418,2
117257,20240101,2
117257,20240216,2
117257,20240311,2
117257,20240501,2
117257,20240624,2
117257,20240706,2
117257,20240815,2
117257,20231101,2
117257,20231102,2
117257,20231224,2
117257,20231225,2
117257,20231226,2
117261,20240418,1
117261,20240101,1
117261,20240216,1
117261,20240311,1
117261,20240501,1
117261,20240624,1
117261,20240706,1
117261,20240815,1
117261,20231101,1
117261,20231102,1
117261,20231224,1
117261,20231225,1
117261,20231226,1
117245,20240418,2
117245,20240101,2
117245,20240216,2
117245,20240311,2
117245,20240501,2
117245,20240624,2
117245,20240706,2
117245,20240815,2
117245,20231101,2
117245,20231102,2
117245,20231224,2
117245,20231225,2
117245,20231226,2
117282,20240418,2
117282,20240101,2
117282,20240216,2
117282,20240311,2
117282,20240501,2
117282,20240624,2
117282,20240706,2
117282,20240815,2
117282,20231101,2
117282,20231102,2
117282,20231224,2
117282,20231225,2
117282,20231226,2
117285,20240418,1
117285,20240101,1
117285,20240216,1
117285,20240311,1
117285,20240501,1
117285,20240624,1
117285,20240706,1
117285,20240815,1
117285,20231101,1
117285,20231102,1
117285,20231224,1
117285,20231225,1
117285,20231226,1
117246,20240418,2
117246,20240101,2
117246,20240216,2
117246,20240311,2
117246,20240501,2
117246,20240624,2
117246,20240706,2
117246,20240815,2
117246,20231101,2
117246,20231102,2
117246,20231224,2
117246,20231225,2
117246,20231226,2
117247,20240418,2
117247,20240101,2
117247,20240216,2
117247,20240311,2
117247,20240501,2
117247,20240624,2
117247,20240706,2
117247,20240815,2
117247,20231101,2
117247,20231102,2
117247,20231224,2
117247,20231225,2
117247,20231226,2
117258,20240418,2
117258,20240101,2
117258,20240216,2
117258,20240311,2
117258,20240501,2
117258,20240624,2
117258,20240706,2
117258,20240815,2
117258,20231101,2
117258,20231102,2
117258,20231224,2
117258,20231225,2
117258,20231226,2
117262,20240418,1
117262,20240101,1
117262,20240216,1
117262,20240311,1
117262,20240501,1
117262,20240624,1
117262,20240706,1
117262,20240815,1
117262,20231101,1
117262,20231102,1
117262,20231224,1
117262,20231225,1
117262,20231226,1
117267,20240418,2
117267,20240101,2
117267,20240216,2
117267,20240311,2
117267,20240501,2
117267,20240624,2
117267,20240706,2
117267,20240815,2
117267,20231101,2
117267,20231102,2
117267,20231224,2
117267,20231225,2
117267,20231226,2
81243,20240418,2
81243,20240101,2
81243,20240216,2
81243,20240311,2
81243,20240501,2
81243,20240624,2
81243,20240706,2
81243,20240815,2
81243,20231101,2
81243,20231102,2
81243,20231224,2
81243,20231225,2
81243,20231226,2
91255,20240418,1
91255,20240101,1
91255,20240216,1
91255,20240311,1
91255,20240501,1
91255,20240624,1
91255,20240706,1
91255,20240815,1
91255,20231101,1
91255,20231102,1
91255,20231224,1
91255,20231225,1
91255,20231226,1
118649,20240418,2
118649,20240101,2
118649,20240216,2
118649,20240311,2
118649,20240501,2
118649,20240624,2
118649,20240706,2
118649,20240815,2
118649,20231101,2
118649,20231102,2
118649,20231224,2
118649,20231225,2
118649,20231226,2
118650,20240418,2
118650,20240101,2
118650,20240216,2
118650,20240311,2
118650,20240501,2
118650,20240624,2
118650,20240706,2
118650,20240815,2
118650,20231101,2
118650,20231102,2
118650,20231224,2
118650,20231225,2
118650,20231226,2
117249,20240418,2
117249,20240101,2
117249,20240216,2
117249,20240311,2
117249,20240501,2
117249,20240624,2
117249,20240706,2
117249,20240815,2
117249,20231101,2
117249,20231102,2
117249,20231224,2
117249,20231225,2
117249,20231226,2
117259,20240418,2
117259,20240101,2
117259,20240216,2
117259,20240311,2
117259,20240501,2
117259,20240624,2
117259,20240706,2
117259,20240815,2
117259,20231101,2
117259,20231102,2
117259,20231224,2
117259,20231225,2
117259,20231226,2
117263,20240418,1
117263,20240101,1
117263,20240216,1
117263,20240311,1
117263,20240501,1
117263,20240624,1
117263,20240706,1
117263,20240815,1
117263,20231101,1
117263,20231102,1
117263,20231224,1
117263,20231225,1
117263,20231226,1
118651,20240418,2
118651,20240101,2
118651,20240216,2
118651,20240311,2
118651,20240501,2
118651,20240624,2
118651,20240706,2
118651,20240815,2
118651,20231101,2
118651,20231102,2
118651,20231224,2
118651,20231225,2
118651,20231226,2
118652,20240418,1
118652,20240101,1
118652,20240216,1
118652,20240311,1
118652,20240501,1
118652,20240624,1
118652,20240706,1
118652,20240815,1
118652,20231101,1
118652,20231102,1
118652,20231224,1
118652,20231225,1
118652,20231226,1
118653,20240418,2
118653,20240101,2
118653,20240216,2
118653,20240311,2
118653,20240501,2
118653,20240624,2
118653,20240706,2
118653,20240815,2
118653,20231101,2
118653,20231102,2
118653,20231224,2
118653,20231225,2
118653,20231226,2
118654,20240418,2
118654,20240101,2
118654,20240216,2
118654,20240311,2
118654,20240501,2
118654,20240624,2
118654,20240706,2
118654,20240815,2
118654,20231101,2
118654,20231102,2
118654,20231224,2
118654,20231225,2
118654,20231226,2
118655,20240418,1
118655,20240101,1
118655,20240216,1
118655,20240311,1
118655,20240501,1
118655,20240624,1
118655,20240706,1
118655,20240815,1
118655,20231101,1
118655,20231102,1
118655,20231224,1
118655,20231225,1
118655,20231226,1
117917,20240418,2
117917,20240101,2
117917,20240216,2
117917,20240311,2
117917,20240501,2
117917,20240624,2
117917,20240706,2
117917,20240815,2
117917,20231101,2
117917,20231102,2
117917,20231224,2
117917,20231225,2
117917,20231226,2
117918,20240418,1
117918,20240101,1
117918,20240216,1
117918,20240311,1
117918,20240501,1
117918,20240624,1
117918,20240706,1
117918,20240815,1
117918,20231101,1
117918,20231102,1
117918,20231224,1
117918,20231225,1
117918,20231226,1
117274,20240418,2
117274,20240101,2
117274,20240216,2
117274,20240311,2
117274,20240501,2
117274,20240624,2
117274,20240706,2
117274,20240815,2
117274,20231101,2
117274,20231102,2
117274,20231224,2
117274,20231225,2
117274,20231226,2
117265,20240418,2
117265,20240101,2
117265,20240216,2
117265,20240311,2
117265,20240501,2
117265,20240624,2
117265,20240706,2
117265,20240815,2
117265,20231101,2
117265,20231102,2
117265,20231224,2
117265,20231225,2
117265,20231226,2
117268,20240418,2
117268,20240101,2
117268,20240216,2
117268,20240311,2
117268,20240501,2
117268,20240624,2
117268,20240706,2
117268,20240815,2
117268,20231101,2
117268,20231102,2
117268,20231224,2
117268,20231225,2
117268,20231226,2
117270,20240418,1
117270,20240101,1
117270,20240216,1
117270,20240311,1
117270,20240501,1
117270,20240624,1
117270,20240706,1
117270,20240815,1
117270,20231101,1
117270,20231102,1
117270,20231224,1
117270,20231225,1
117270,20231226,1
113233,20240418,2
113233,20240101,2
113233,20240216,2
113233,20240311,2
113233,20240501,2
113233,20240624,2
113233,20240706,2
113233,20240815,2
113233,20231101,2
113233,20231102,2
113233,20231224,2
113233,20231225,2
113233,20231226,2
111722,20240418,1
111722,20240101,1
111722,20240216,1
111722,20240311,1
111722,20240501,1
111722,20240624,1
111722,20240706,1
111722,20240815,1
111722,20231101,1
111722,20231102,1
111722,20231224,1
111722,20231225,1
111722,20231226,1
105855,20240418,2
105855,20240101,2
105855,20240216,2
105855,20240311,2
105855,20240501,2
105855,20240624,2
105855,20240706,2
105855,20240815,2
105855,20231101,2
105855,20231102,2
105855,20231224,2
105855,20231225,2
105855,20231226,2
101929,20240418,1
101929,20240101,1
101929,20240216,1
101929,20240311,1
101929,20240501,1
101929,20240624,1
101929,20240706,1
101929,20240815,1
101929,20231101,1
101929,20231102,1
101929,20231224,1
101929,20231225,1
101929,20231226,1
104420,20240418,2
104420,20240101,2
104420,20240216,2
104420,20240311,2
104420,20240501,2
104420,20240624,2
104420,20240706,2
104420,20240815,2
104420,20231101,2
104420,20231102,2
104420,20231224,2
104420,20231225,2
104420,20231226,2
104421,20240418,1
104421,20240101,1
104421,20240216,1
104421,20240311,1
104421,20240501,1
104421,20240624,1
104421,20240706,1
104421,20240815,1
104421,20231101,1
104421,20231102,1
104421,20231224,1
104421,20231225,1
104421,20231226,1
117250,20240418,2
117250,20240101,2
117250,20240216,2
117250,20240311,2
117250,20240501,2
117250,20240624,2
117250,20240706,2
117250,20240815,2
117250,20231101,2
117250,20231102,2
117250,20231224,2
117250,20231225,2
117250,20231226,2
117260,20240418,2
117260,20240101,2
117260,20240216,2
117260,20240311,2
117260,20240501,2
117260,20240624,2
117260,20240706,2
117260,20240815,2
117260,20231101,2
117260,20231102,2
117260,20231224,2
117260,20231225,2
117260,20231226,2
117264,20240418,1
117264,20240101,1
117264,20240216,1
117264,20240311,1
117264,20240501,1
117264,20240624,1
117264,20240706,1
117264,20240815,1
117264,20231101,1
117264,20231102,1
117264,20231224,1
117264,20231225,1
117264,20231226,1
84821,20240418,2
84821,20240101,2
84821,20240216,2
84821,20240311,2
84821,20240501,2
84821,20240624,2
84821,20240706,2
84821,20240815,2
84821,20231101,2
84821,20231102,2
84821,20231224,2
84821,20231225,2
84821,20231226,2
84822,20240418,1
84822,20240101,1
84822,20240216,1
84822,20240311,1
84822,20240501,1
84822,20240624,1
84822,20240706,1
84822,20240815,1
84822,20231101,1
84822,20231102,1
84822,20231224,1
84822,20231225,1
84822,20231226,1
69514,20240418,2
69514,20240101,2
69514,20240216,2
69514,20240311,2
69514,20240501,2
69514,20240624,2
69514,20240706,2
69514,20240815,2
69514,20231101,2
69514,20231102,2
69514,20231224,2
69514,20231225,2
69514,20231226,2
101942,20240418,2
101942,20240101,2
101942,20240216,2
101942,20240311,2
101942,20240501,2
101942,20240624,2
101942,20240706,2
101942,20240815,2
101942,20231101,2
101942,20231102,2
101942,20231224,2
101942,20231225,2
101942,20231226,2
91104,20240418,2
91104,20240101,2
91104,20240216,2
91104,20240311,2
91104,20240501,2
91104,20240624,2
91104,20240706,2
91104,20240815,2
91104,20231101,2
91104,20231102,2
91104,20231224,2
91104,20231225,2
91104,20231226,2
91105,20240418,1
91105,20240101,1
91105,20240216,1
91105,20240311,1
91105,20240501,1
91105,20240624,1
91105,20240706,1
91105,20240815,1
91105,20231101,1
91105,20231102,1
91105,20231224,1
91105,20231225,1
91105,20231226,1
101943,20240418,2
101943,20240101,2
101943,20240216,2
101943,20240311,2
101943,20240501,2
101943,20240624,2
101943,20240706,2
101943,20240815,2
101943,20231101,2
101943,20231102,2
101943,20231224,2
101943,20231225,2
101943,20231226,2
89253,20240418,2
89253,20240101,2
89253,20240216,2
89253,20240311,2
89253,20240501,2
89253,20240624,2
89253,20240706,2
89253,20240815,2
89253,20231101,2
89253,20231102,2
89253,20231224,2
89253,20231225,2
89253,20231226,2
89254,20240418,2
89254,20240101,2
89254,20240216,2
89254,20240311,2
89254,20240501,2
89254,20240624,2
89254,20240706,2
89254,20240815,2
89254,20231101,2
89254,20231102,2
89254,20231224,2
89254,20231225,2
89254,20231226,2
118635,20240418,2
118635,20240101,2
118635,20240216,2
118635,20240311,2
118635,20240501,2
118635,20240624,2
118635,20240706,2
118635,20240815,2
118635,20231101,2
118635,20231102,2
118635,20231224,2
118635,20231225,2
118635,20231226,2
94292,20240418,2
94292,20240101,2
94292,20240216,2
94292,20240311,2
94292,20240501,2
94292,20240624,2
94292,20240706,2
94292,20240815,2
94292,20231101,2
94292,20231102,2
94292,20231224,2
94292,20231225,2
94292,20231226,2
94293,20240418,2
94293,20240101,2
94293,20240216,2
94293,20240311,2
94293,20240501,2
94293,20240624,2
94293,20240706,2
94293,20240815,2
94293,20231101,2
94293,20231102,2
94293,20231224,2
94293,20231225,2
94293,20231226,2
98513,20240418,2
98513,20240101,2
98513,20240216,2
98513,20240311,2
98513,20240501,2
98513,20240624,2
98513,20240706,2
98513,20240815,2
98513,20231101,2
98513,20231102,2
98513,20231224,2
98513,20231225,2
98513,20231226,2
118643,20240418,2
118643,20240101,2
118643,20240216,2
118643,20240311,2
118643,20240501,2
118643,20240624,2
118643,20240706,2
118643,20240815,2
118643,20231101,2
118643,20231102,2
118643,20231224,2
118643,20231225,2
118643,20231226,2
118644,20240418,1
118644,20240101,1
118644,20240216,1
118644,20240311,1
118644,20240501,1
118644,20240624,1
118644,20240706,1
118644,20240815,1
118644,20231101,1
118644,20231102,1
118644,20231224,1
118644,20231225,1
118644,20231226,1
117925,20240418,2
117925,20240101,2
117925,20240216,2
117925,20240311,2
117925,20240501,2
117925,20240624,2
117925,20240706,2
117925,20240815,2
117925,20231101,2
117925,20231102,2
117925,20231224,2
117925,20231225,2
117925,20231226,2
117540,20240418,2
117540,20240101,2
117540,20240216,2
117540,20240311,2
117540,20240501,2
117540,20240624,2
117540,20240706,2
117540,20240815,2
117540,20231101,2
117540,20231102,2
117540,20231224,2
117540,20231225,2
117540,20231226,2
117542,20240418,2
117542,20240101,2
117542,20240216,2
117542,20240311,2
117542,20240501,2
117542,20240624,2
117542,20240706,2
117542,20240815,2
117542,20231101,2
117542,20231102,2
117542,20231224,2
117542,20231225,2
117542,20231226,2
110630,20240418,2
110630,20240101,2
110630,20240216,2
110630,20240311,2
110630,20240501,2
110630,20240624,2
110630,20240706,2
110630,20240815,2
110630,20231101,2
110630,20231102,2
110630,20231224,2
110630,20231225,2
110630,20231226,2
110631,20240418,2
110631,20240101,2
110631,20240216,2
110631,20240311,2
110631,20240501,2
110631,20240624,2
110631,20240706,2
110631,20240815,2
110631,20231101,2
110631,20231102,2
110631,20231224,2
110631,20231225,2
110631,20231226,2
110632,20240418,1
110632,20240101,1
110632,20240216,1
110632,20240311,1
110632,20240501,1
110632,20240624,1
110632,20240706,1
110632,20240815,1
110632,20231101,1
110632,20231102,1
110632,20231224,1
110632,20231225,1
110632,20231226,1
118665,20240418,2
118665,20240101,2
118665,20240216,2
118665,20240311,2
118665,20240501,2
118665,20240624,2
118665,20240706,2
118665,20240815,2
118665,20231101,2
118665,20231102,2
118665,20231224,2
118665,20231225,2
118665,20231226,2
118666,20240418,1
118666,20240101,1
118666,20240216,1
118666,20240311,1
118666,20240501,1
118666,20240624,1
118666,20240706,1
118666,20240815,1
118666,20231101,1
118666,20231102,1
118666,20231224,1
118666,20231225,1
118666,20231226,1
117288,20240418,2
117288,20240101,2
117288,20240216,2
117288,20240311,2
117288,20240501,2
117288,20240624,2
117288,20240706,2
117288,20240815,2
117288,20231101,2
117288,20231102,2
117288,20231224,2
117288,20231225,2
117288,20231226,2
112119,20240418,2
112119,20240101,2
112119,20240216,2
112119,20240311,2
112119,20240501,2
112119,20240624,2
112119,20240706,2
112119,20240815,2
112119,20231101,2
112119,20231102,2
112119,20231224,2
112119,20231225,2
112119,20231226,2
112120,20240418,2
112120,20240101,2
112120,20240216,2
112120,20240311,2
112120,20240501,2
112120,20240624,2
112120,20240706,2
112120,20240815,2
112120,20231101,2
112120,20231102,2
112120,20231224,2
112120,20231225,2
112120,20231226,2
112121,20240418,2
112121,20240101,2
112121,20240216,2
112121,20240311,2
112121,20240501,2
112121,20240624,2
112121,20240706,2
112121,20240815,2
112121,20231101,2
112121,20231102,2
112121,20231224,2
112121,20231225,2
112121,20231226,2
112122,20240418,1
112122,20240101,1
112122,20240216,1
112122,20240311,1
112122,20240501,1
112122,20240624,1
112122,20240706,1
112122,20240815,1
112122,20231101,1
112122,20231102,1
112122,20231224,1
112122,20231225,1
112122,20231226,1
98312,20240418,2
98312,20240101,2
98312,20240216,2
98312,20240311,2
98312,20240501,2
98312,20240624,2
98312,20240706,2
98312,20240815,2
98312,20231101,2
98312,20231102,2
98312,20231224,2
98312,20231225,2
98312,20231226,2
98313,20240418,2
98313,20240101,2
98313,20240216,2
98313,20240311,2
98313,20240501,2
98313,20240624,2
98313,20240706,2
98313,20240815,2
98313,20231101,2
98313,20231102,2
98313,20231224,2
98313,20231225,2
98313,20231226,2
98314,20240418,1
98314,20240101,1
98314,20240216,1
98314,20240311,1
98314,20240501,1
98314,20240624,1
98314,20240706,1
98314,20240815,1
98314,20231101,1
98314,20231102,1
98314,20231224,1
98314,20231225,1
98314,20231226,1
118668,20240418,2
118668,20240101,2
118668,20240216,2
118668,20240311,2
118668,20240501,2
118668,20240624,2
118668,20240706,2
118668,20240815,2
118668,20231101,2
118668,20231102,2
118668,20231224,2
118668,20231225,2
118668,20231226,2
118669,20240418,1
118669,20240101,1
118669,20240216,1
118669,20240311,1
118669,20240501,1
118669,20240624,1
118669,20240706,1
118669,20240815,1
118669,20231101,1
118669,20231102,1
118669,20231224,1
118669,20231225,1
118669,20231226,1
117275,20240418,2
117275,20240101,2
117275,20240216,2
117275,20240311,2
117275,20240501,2
117275,20240624,2
117275,20240706,2
117275,20240815,2
117275,20231101,2
117275,20231102,2
117275,20231224,2
117275,20231225,2
117275,20231226,2
117543,20240418,2
117543,20240101,2
117543,20240216,2
117543,20240311,2
117543,20240501,2
117543,20240624,2
117543,20240706,2
117543,20240815,2
117543,20231101,2
117543,20231102,2
117543,20231224,2
117543,20231225,2
117543,20231226,2
117544,20240418,2
117544,20240101,2
117544,20240216,2
117544,20240311,2
117544,20240501,2
117544,20240624,2
117544,20240706,2
117544,20240815,2
117544,20231101,2
117544,20231102,2
117544,20231224,2
117544,20231225,2
117544,20231226,2
117545,20240418,1
117545,20240101,1
117545,20240216,1
117545,20240311,1
117545,20240501,1
117545,20240624,1
117545,20240706,1
117545,20240815,1
117545,20231101,1
117545,20231102,1
117545,20231224,1
117545,20231225,1
117545,20231226,1
110612,20240418,2
110612,20240101,2
110612,20240216,2
110612,20240311,2
110612,20240501,2
110612,20240624,2
110612,20240706,2
110612,20240815,2
110612,20231101,2
110612,20231102,2
110612,20231224,2
110612,20231225,2
110612,20231226,2
110613,20240418,1
110613,20240101,1
110613,20240216,1
110613,20240311,1
110613,20240501,1
110613,20240624,1
110613,20240706,1
110613,20240815,1
110613,20231101,1
110613,20231102,1
110613,20231224,1
110613,20231225,1
110613,20231226,1
118639,20240418,2
118639,20240101,2
118639,20240216,2
118639,20240311,2
118639,20240501,2
118639,20240624,2
118639,20240706,2
118639,20240815,2
118639,20231101,2
118639,20231102,2
118639,20231224,2
118639,20231225,2
118639,20231226,2
118640,20240418,1
118640,20240101,1
118640,20240216,1
118640,20240311,1
118640,20240501,1
118640,20240624,1
118640,20240706,1
118640,20240815,1
118640,20231101,1
118640,20231102,1
118640,20231224,1
118640,20231225,1
118640,20231226,1
118641,20240418,2
118641,20240101,2
118641,20240216,2
118641,20240311,2
118641,20240501,2
118641,20240624,2
118641,20240706,2
118641,20240815,2
118641,20231101,2
118641,20231102,2
118641,20231224,2
118641,20231225,2
118641,20231226,2
118642,20240418,1
118642,20240101,1
118642,20240216,1
118642,20240311,1
118642,20240501,1
118642,20240624,1
118642,20240706,1
118642,20240815,1
118642,20231101,1
118642,20231102,1
118642,20231224,1
118642,20231225,1
118642,20231226,1